 LiTaPO_0LNO_1050_NOVO.001  00:00:00   -0.34K dd.mm.rrr /F lowT: -0.40C, highT: -0.34C  -16.71%  13.4min 0.0C
-164 LiTaPO_0LNO_1050_NOVO, d =2.21mm, S=5,50mm, sint 1050C/8h, kriostat duży, pom.powt na NOVO
1e+06 2566.47 21.7222 0 0 0 0 0 0 0 0 0 0 0
316228 3205.2 22.3106 0 0 0 0 0 0 0 0 0 0 0
100000 4448.96 26.9249 0 0 0 0 0 0 0 0 0 0 0
31622.8 6705.16 23.3611 0 0 0 0 0 0 0 0 0 0 0
9999.98 8506.04 12.2988 0 0 0 0 0 0 0 0 0 0 0
3162.31 9046.53 5.98188 0 0 0 0 0 0 0 0 0 0 0
999.998 9254.49 6.27535 0 0 0 0 0 0 0 0 0 0 0
316.226 9654.75 12.174 0 0 0 0 0 0 0 0 0 0 0
99.9996 11429.4 28.4217 0 0 0 0 0 0 0 0 0 0 0
31.6228 19232.4 51.6076 0 0 0 0 0 0 0 0 0 0 0
10.0001 45036.5 66.2415 0 0 0 0 0 0 0 0 0 0 0
3.16228 115840 70.6023 0 0 0 0 0 0 0 0 0 0 0
1.00001 292556 69.7821 0 0 0 0 0 0 0 0 0 0 0
1e+07 958.823 34.531 0 0 0 0 0 0 0 0 0 0 0
8.79922e+06 1104.14 36.2775 0 0 0 0 0 0 0 0 0 0 0
7.74264e+06 1242.18 36.4133 0 0 0 0 0 0 0 0 0 0 0
6.81292e+06 1368.33 35.5854 0 0 0 0 0 0 0 0 0 0 0
5.99484e+06 1482.85 34.308 0 0 0 0 0 0 0 0 0 0 0
5.275e+06 1588.94 33.0319 0 0 0 0 0 0 0 0 0 0 0
4.64159e+06 1668.66 32.7506 0 0 0 0 0 0 0 0 0 0 0
4.08424e+06 1742.67 31.7444 0 0 0 0 0 0 0 0 0 0 0
3.59381e+06 1845.7 30.2459 0 0 0 0 0 0 0 0 0 0 0
3.16228e+06 1933.34 28.9178 0 0 0 0 0 0 0 0 0 0 0
2.78256e+06 2009.54 27.9711 0 0 0 0 0 0 0 0 0 0 0
2.44844e+06 2087.36 26.612 0 0 0 0 0 0 0 0 0 0 0
2.15444e+06 2157.86 25.6455 0 0 0 0 0 0 0 0 0 0 0
1.89574e+06 2230.22 24.9999 0 0 0 0 0 0 0 0 0 0 0
1.6681e+06 2300.16 24.0757 0 0 0 0 0 0 0 0 0 0 0
1.4678e+06 2365.99 23.2535 0 0 0 0 0 0 0 0 0 0 0
1.29155e+06 2436.04 22.7556 0 0 0 0 0 0 0 0 0 0 0
1.13646e+06 2506.16 22.2948 0 0 0 0 0 0 0 0 0 0 0
1e+06 2571.19 21.7284 0 0 0 0 0 0 0 0 0 0 0
1e+06 2571.32 21.729 0 0 0 0 0 0 0 0 0 0 0
879922 2635.78 21.4999 0 0 0 0 0 0 0 0 0 0 0
774264 2705.37 21.3282 0 0 0 0 0 0 0 0 0 0 0
681292 2769.17 21.1079 0 0 0 0 0 0 0 0 0 0 0
599484 2836.15 21.0608 0 0 0 0 0 0 0 0 0 0 0
527500 2906.55 21.1364 0 0 0 0 0 0 0 0 0 0 0
464159 2977.44 21.2805 0 0 0 0 0 0 0 0 0 0 0
408424 3051.13 21.5322 0 0 0 0 0 0 0 0 0 0 0
359381 3129.65 21.8858 0 0 0 0 0 0 0 0 0 0 0
316228 3212.26 22.2975 0 0 0 0 0 0 0 0 0 0 0
278256 3300.5 22.7344 0 0 0 0 0 0 0 0 0 0 0
244844 3399.51 23.2163 0 0 0 0 0 0 0 0 0 0 0
215444 3510.1 23.7459 0 0 0 0 0 0 0 0 0 0 0
189574 3646.05 24.2824 0 0 0 0 0 0 0 0 0 0 0
166810 3779 24.9158 0 0 0 0 0 0 0 0 0 0 0
146780 3926.14 25.5336 0 0 0 0 0 0 0 0 0 0 0
129155 4088 26.0808 0 0 0 0 0 0 0 0 0 0 0
113646 4264.62 26.5443 0 0 0 0 0 0 0 0 0 0 0
100000 4457.91 26.9099 0 0 0 0 0 0 0 0 0 0 0
87992.3 4667.47 27.1551 0 0 0 0 0 0 0 0 0 0 0
77426.3 4892.38 27.2593 0 0 0 0 0 0 0 0 0 0 0
68129.2 5132.4 27.2055 0 0 0 0 0 0 0 0 0 0 0
59948.4 5385.5 26.9816 0 0 0 0 0 0 0 0 0 0 0
52749.9 5649.55 26.6089 0 0 0 0 0 0 0 0 0 0 0
46415.9 5903.04 25.9669 0 0 0 0 0 0 0 0 0 0 0
40842.4 6176.69 25.254 0 0 0 0 0 0 0 0 0 0 0
35938.2 6450.58 24.3845 0 0 0 0 0 0 0 0 0 0 0
31622.8 6720.51 23.3755 0 0 0 0 0 0 0 0 0 0 0
27825.6 6983.82 22.2525 0 0 0 0 0 0 0 0 0 0 0
24484.4 7234.8 21.0378 0 0 0 0 0 0 0 0 0 0 0
21544.4 7472.95 19.7606 0 0 0 0 0 0 0 0 0 0 0
18957.3 7693.67 18.4511 0 0 0 0 0 0 0 0 0 0 0
16681 7893.77 17.1378 0 0 0 0 0 0 0 0 0 0 0
14678 8075.07 15.8444 0 0 0 0 0 0 0 0 0 0 0
12915.5 8235.79 14.5964 0 0 0 0 0 0 0 0 0 0 0
11364.6 8376.38 13.4031 0 0 0 0 0 0 0 0 0 0 0
9999.98 8497.88 12.2817 0 0 0 0 0 0 0 0 0 0 0
8799.23 8639.7 11.2731 0 0 0 0 0 0 0 0 0 0 0
7742.64 8729.63 10.3056 0 0 0 0 0 0 0 0 0 0 0
6812.9 8806.11 9.42822 0 0 0 0 0 0 0 0 0 0 0
5994.83 8871.38 8.64053 0 0 0 0 0 0 0 0 0 0 0
5275.01 8926.92 7.94163 0 0 0 0 0 0 0 0 0 0 0
4641.62 8974.15 7.33012 0 0 0 0 0 0 0 0 0 0 0
4084.22 9014.93 6.80353 0 0 0 0 0 0 0 0 0 0 0
3593.79 9050.79 6.3581 0 0 0 0 0 0 0 0 0 0 0
3162.31 9082.23 5.98994 0 0 0 0 0 0 0 0 0 0 0
2782.51 9110.2 5.6955 0 0 0 0 0 0 0 0 0 0 0
2448.45 9135.38 5.47571 0 0 0 0 0 0 0 0 0 0 0
2154.43 9158.97 5.3242 0 0 0 0 0 0 0 0 0 0 0
1895.74 9181.17 5.23961 0 0 0 0 0 0 0 0 0 0 0
1668.09 9202.79 5.22148 0 0 0 0 0 0 0 0 0 0 0
1467.8 9225.59 5.92545 0 0 0 0 0 0 0 0 0 0 0
1291.56 9247.37 5.96044 0 0 0 0 0 0 0 0 0 0 0
1136.46 9270.03 6.07293 0 0 0 0 0 0 0 0 0 0 0
999.998 9294.39 6.26523 0 0 0 0 0 0 0 0 0 0 0
18950 7701.92 18.4576 0 0 0 0 0 0 0 0 0 0 0
16674.6 7902.16 17.1423 0 0 0 0 0 0 0 0 0 0 0
14672.3 8084.04 15.8522 0 0 0 0 0 0 0 0 0 0 0
12910.5 8244.93 14.6021 0 0 0 0 0 0 0 0 0 0 0
11360.3 8385.66 13.4084 0 0 0 0 0 0 0 0 0 0 0
9996.17 8507.63 12.2838 0 0 0 0 0 0 0 0 0 0 0
8795.78 8649.82 11.278 0 0 0 0 0 0 0 0 0 0 0
7739.66 8739.92 10.3103 0 0 0 0 0 0 0 0 0 0 0
6810.3 8816.49 9.43197 0 0 0 0 0 0 0 0 0 0 0
5992.5 8881.75 8.64305 0 0 0 0 0 0 0 0 0 0 0
5272.96 8937.41 7.94435 0 0 0 0 0 0 0 0 0 0 0
4639.76 8984.74 7.33217 0 0 0 0 0 0 0 0 0 0 0
4082.64 9025.52 6.80459 0 0 0 0 0 0 0 0 0 0 0
3592.39 9061.25 6.35904 0 0 0 0 0 0 0 0 0 0 0
3161.09 9092.8 5.99057 0 0 0 0 0 0 0 0 0 0 0
2781.49 9120.62 5.69677 0 0 0 0 0 0 0 0 0 0 0
2447.52 9145.76 5.47616 0 0 0 0 0 0 0 0 0 0 0
2153.59 9169.31 5.32466 0 0 0 0 0 0 0 0 0 0 0
1895 9191.53 5.24028 0 0 0 0 0 0 0 0 0 0 0
1667.46 9213.2 5.2202 0 0 0 0 0 0 0 0 0 0 0
1467.22 9235.92 5.9232 0 0 0 0 0 0 0 0 0 0 0
1291.06 9257.63 5.95827 0 0 0 0 0 0 0 0 0 0 0
1136.03 9280.23 6.07063 0 0 0 0 0 0 0 0 0 0 0
825.003 9341.9 6.70471 0 0 0 0 0 0 0 0 0 0 0
680.964 9388.35 7.33685 0 0 0 0 0 0 0 0 0 0 0
562.067 9444.01 8.17564 0 0 0 0 0 0 0 0 0 0 0
463.934 9512.3 9.23922 0 0 0 0 0 0 0 0 0 0 0
382.932 9597.69 10.55 0 0 0 0 0 0 0 0 0 0 0
316.072 9706.12 12.1315 0 0 0 0 0 0 0 0 0 0 0
260.887 9845.49 14.0091 0 0 0 0 0 0 0 0 0 0 0
215.336 10026.4 16.1857 0 0 0 0 0 0 0 0 0 0 0
177.743 10261 18.7276 0 0 0 0 0 0 0 0 0 0 0
146.708 10566.3 21.606 0 0 0 0 0 0 0 0 0 0 0
121.093 10964 24.8193 0 0 0 0 0 0 0 0 0 0 0
99.9507 11480.4 28.3374 0 0 0 0 0 0 0 0 0 0 0
82.5001 12147.4 32.1087 0 0 0 0 0 0 0 0 0 0 0
68.096 13003.5 36.0534 0 0 0 0 0 0 0 0 0 0 0
56.2065 14092.4 40.0738 0 0 0 0 0 0 0 0 0 0 0
46.3927 15464.2 44.0668 0 0 0 0 0 0 0 0 0 0 0
38.2937 17174.5 47.9177 0 0 0 0 0 0 0 0 0 0 0
31.6073 19288.1 51.5389 0 0 0 0 0 0 0 0 0 0 0
26.0887 21874.6 54.8635 0 0 0 0 0 0 0 0 0 0 0
21.5339 25014.3 57.8473 0 0 0 0 0 0 0 0 0 0 0
17.774 28798.8 60.4669 0 0 0 0 0 0 0 0 0 0 0
14.6707 33338.4 62.7256 0 0 0 0 0 0 0 0 0 0 0
12.1092 38735.9 64.6356 0 0 0 0 0 0 0 0 0 0 0
7.94003 54533.8 67.8574 0 0 0 0 0 0 0 0 0 0 0
6.30695 65830.5 68.9935 0 0 0 0 0 0 0 0 0 0 0
5.00979 79543.1 69.7878 0 0 0 0 0 0 0 0 0 0 0
3.97944 96132.7 70.3304 0 0 0 0 0 0 0 0 0 0 0
3.16097 116142 70.6236 0 0 0 0 0 0 0 0 0 0 0
2.51086 140185 70.7289 0 0 0 0 0 0 0 0 0 0 0
1.99443 169019 70.6763 0 0 0 0 0 0 0 0 0 0 0
1.58423 203494 70.4865 0 0 0 0 0 0 0 0 0 0 0
1.25841 244610 70.1966 0 0 0 0 0 0 0 0 0 0 0
0.999589 293508 69.8186 0 0 0 0 0 0 0 0 0 0 0
0.794007 351487 69.3802 0 0 0 0 0 0 0 0 0 0 0
0.630698 420129 68.8968 0 0 0 0 0 0 0 0 0 0 0
0.500981 504650 68.5306 0 0 0 0 0 0 0 0 0 0 0
0.397945 600842 67.9958 0 0 0 0 0 0 0 0 0 0 0
0.316095 713971 67.4676 0 0 0 0 0 0 0 0 0 0 0
0.251084 846672 66.9806 0 0 0 0 0 0 0 0 0 0 0
0.199443 1.0025e+06 66.5265 0 0 0 0 0 0 0 0 0 0 0
0.158425 1.18484e+06 66.1369 0 0 0 0 0 0 0 0 0 0 0
1e+06 2587.19 21.7474 0 0 0 0 0 0 0 0 0 0 0
316228 3229.94 22.2634 0 0 0 0 0 0 0 0 0 0 0
100000 4476.51 26.877 0 0 0 0 0 0 0 0 0 0 0
31622.8 6745.9 23.4034 0 0 0 0 0 0 0 0 0 0 0
9999.98 8569.62 12.354 0 0 0 0 0 0 0 0 0 0 0
3162.31 9119.07 5.99756 0 0 0 0 0 0 0 0 0 0 0
999.998 9328.71 6.25665 0 0 0 0 0 0 0 0 0 0 0
316.226 9728.37 12.1054 0 0 0 0 0 0 0 0 0 0 0
99.9996 11498.5 28.2891 0 0 0 0 0 0 0 0 0 0 0
31.6228 19299.8 51.4983 0 0 0 0 0 0 0 0 0 0 0
10.0001 45158 66.2168 0 0 0 0 0 0 0 0 0 0 0
3.16228 116211 70.6344 0 0 0 0 0 0 0 0 0 0 0
1.00001 293653 69.8297 0 0 0 0 0 0 0 0 0 0 0
